raw/raster/elevation_cost_surface.asc
NCOLS 58 
NROWS 45 
XLLCORNER 504000 
YLLCORNER 156000 
CELLSIZE 1000 
NODATA_value -3.4e+38 
[rows 0 to 19 of 45, columns 0 to 45 of 58]
8.967066764831539 7.57516860961914 2.76423621177673 10.7734718322754 334.089691162109 303.712554931641 1412.51611328125 945.598266601562 291.094085693359 3.21889519691467 1.04616796970367 109.487670898438 293.585571289062 30.2567844390869 423.967926025391 159.591369628906 1.14984858036041 30.5075244903564 36.0140914916992 22.0726318359375 210.405456542969 368.792022705078 540.839294433594 4.48636627197266 3.43555092811584 1.30949699878693 6.05912351608276 12.0348720550537 0.943215191364288 2.99760222434998 11.0990867614746 827.003967285156 1255.80444335938 416.310211181641 988.636962890625 1377.47241210938 801.699768066406 12.9438314437866 4.17137384414673 1.90709173679352 6.91437816619873 49.6109962463379 130.863677978516 2.33577752113342 6.88962125778198 3.62231516838074
106.893142700195 13.4176092147827 4.39484167098999 2.89541029930115 64.1218566894531 901.119506835938 1016.8056640625 1082.55200195312 443.559356689453 22.155632019043 7.44072294235229 301.221221923828 695.130920410156 12.489709854126 4.38804292678833 9.38825416564941 1.57597279548645 3.21353936195374 2.3270115852356 3.14366364479065 2.01541352272034 6.68280696868896 4.34210920333862 3.98888731002808 4.06923913955688 2.25798201560974 4.11436796188354 48.5961112976074 5.49243927001953 2.81509780883789 338.643951416016 1400.01330566406 793.490295410156 217.839279174805 251.306671142578 53.036190032959 31.0049858093262 18.446741104126 2.71416592597961 1.20205891132355 59.8717041015625 328.672607421875 1.38462710380554 3.62335824966431 5.05726194381714 5.45054626464844
10.3201065063477 1.74460732936859 0.391059696674347 1.90951919555664 16.0674858093262 448.892425537109 1991.80004882812 1471.041015625 111.153701782227 28.1286182403564 31.0220413208008 65.7107086181641 27.8053741455078 24.8268432617188 403.924468994141 535.612548828125 10.5649156570435 2.03990888595581 0.339548707008362 0.699437737464905 7.1416711807251 4.98230504989624 215.565856933594 42.5968971252441 0.566668510437012 1.06301617622375 58.0908508300781 119.976043701172 759.601745605469 493.245544433594 932.960083007812 1850.50061035156 1268.18420410156 1155.19763183594 19.3775596618652 1.21361684799194 11.0449323654175 3.50854730606079 5.5157675743103 13.5526971817017 101.014869689941 222.032974243164 3.24409103393555 0.806676208972931 1.77720522880554 1.1238739490509
10.6065492630005 3.49974870681763 4.39062643051147 7.34752607345581 6.23125791549683 396.974151611328 1640.65234375 898.569274902344 459.826873779297 149.308715820312 42.3022880554199 24.7938098907471 2.68117594718933 17.5371685028076 1121.0283203125 1031.18615722656 680.984619140625 4.26301050186157 0.857450067996979 29.7625122070312 213.478408813477 75.1598205566406 122.766212463379 44.3817138671875 2.58635687828064 3.50373196601868 47.8302001953125 1326.38305664062 2002.56384277344 1410.84423828125 1345.93444824219 1971.001953125 601.569274902344 38.3259315490723 18.7987442016602 3.23170852661133 9.44477462768555 3.05999350547791 175.618591308594 1014.14953613281 668.88427734375 2.37611079216003 18.0768623352051 18.1321620941162 5.98121881484985 9.23593139648438
129.761276245117 94.9113006591797 20.4131546020508 314.391204833984 380.238433837891 1023.33410644531 1916.8251953125 1485.59216308594 334.610687255859 141.504180908203 58.0393218994141 5.00534105300903 6.37757205963135 1.92922520637512 389.093841552734 1741.029296875 1128.71313476562 39.5838165283203 46.5871810913086 470.517486572266 1359.31274414062 1033.17077636719 1111.78210449219 860.603576660156 166.366287231445 166.807479858398 401.599792480469 677.688354492188 1043.41967773438 1818.48693847656 580.878784179688 1435.13232421875 412.817657470703 17.9305095672607 12.0115671157837 7.3396167755127 1.09322667121887 115.198936462402 844.353576660156 1056.29931640625 495.664733886719 2.89157319068909 270.035278320312 39.0068283081055 3.60900926589966 11.7536811828613
258.4150390625 75.0430068969727 87.2070541381836 961.044921875 749.928039550781 1834.21728515625 1660.82739257812 803.272583007812 830.168090820312 1084.40319824219 506.439697265625 33.1782608032227 13.6056423187256 272.389862060547 167.284957885742 329.368774414062 624.997497558594 44.4499435424805 141.754928588867 992.109191894531 1128.92041015625 910.439270019531 1942.251953125 1015.10284423828 667.810729980469 1209.68920898438 1242.78894042969 575.7705078125 519.79345703125 1767.42492675781 1540.60717773438 1830.09790039062 196.391998291016 410.879333496094 97.4003982543945 7.56003999710083 6.79809045791626 367.591064453125 920.56103515625 594.073547363281 21.7681694030762 0.368367224931717 1.57137978076935 12.1272974014282 7.61795091629028 22.7315292358398
1235.154296875 966.863037109375 279.003082275391 54.3576850891113 141.907104492188 61.7985954284668 311.128204345703 584.585205078125 218.15202331543 350.733734130859 930.375610351562 252.299362182617 10.3853101730347 67.3784103393555 16.8371524810791 10.0283937454224 11.95569896698 17.1582794189453 7.90451002120972 10.2778806686401 65.4385528564453 135.861038208008 694.563110351562 731.203002929688 1076.48706054688 2004.73400878906 474.581176757812 1480.79406738281 1146.52685546875 930.515869140625 2096.177734375 1592.46337890625 8.07983684539795 434.879089355469 1236.22521972656 614.385803222656 309.873870849609 655.910827636719 500.433288574219 6.94138431549072 10.2192916870117 1.47125828266144 3.53317093849182 10.556526184082 8.18779563903809 2.61565685272217
294.487854003906 29.2915744781494 61.5005683898926 13.5464401245117 74.0486373901367 59.6273498535156 695.69677734375 915.674865722656 467.299713134766 5.93485355377197 128.76789855957 37.030345916748 154.041351318359 35.3470230102539 36.8573913574219 962.743469238281 791.854614257812 334.189300537109 17.245677947998 3.19761538505554 42.4383811950684 540.732788085938 1256.74353027344 1431.81665039062 784.042419433594 1052.01843261719 1157.30041503906 1823.45153808594 966.565979003906 1590.16735839844 3090.73388671875 1045.16345214844 109.331398010254 1070.50427246094 1421.841796875 697.802001953125 515.303527832031 1088.74377441406 113.740097045898 183.220733642578 127.399681091309 30.6028461456299 235.348892211914 23.0001068115234 0.457866758108139 0
10.7531204223633 5.95161581039429 7.42943286895752 23.8753681182861 262.950714111328 475.664733886719 247.001449584961 1408.96728515625 259.8984375 12.859902381897 6.9112343788147 169.152801513672 656.696899414062 863.294494628906 990.026245117188 1213.7744140625 1393.76782226562 986.931274414062 223.756729125977 138.44743347168 253.978240966797 1614.14477539062 2541.43188476562 1035.53161621094 2058.033203125 1349.80786132812 1355.14697265625 1969.51293945312 1260.1435546875 2269.10864257812 2784.88232421875 131.045074462891 885.330688476562 1534.0078125 987.35791015625 549.143432617188 689.407531738281 872.249755859375 188.044555664062 218.13037109375 608.022583007812 1137.48095703125 1284.36108398438 81.3948287963867 2.04118466377258 263.962890625
157.58903503418 45.8277015686035 8.75933742523193 75.913703918457 668.884460449219 980.33349609375 243.146408081055 109.814338684082 721.846008300781 508.210510253906 498.216064453125 881.281127929688 684.945129394531 897.059326171875 877.753356933594 1985.26403808594 1908.07678222656 1252.39880371094 673.142578125 948.794311523438 773.9638671875 2058.82421875 1568.36596679688 725.228149414062 1680.1669921875 1421.95532226562 3969.92358398438 1644.13610839844 1509.72192382812 2047.32678222656 2004.29675292969 165.510864257812 500.021911621094 921.522399902344 1613.74877929688 630.213684082031 1456.26708984375 1578.46655273438 852.049865722656 516.405151367188 1751.45837402344 813.2548828125 143.239059448242 9.06606769561768 19.4866428375244 1065.12780761719
150.585739135742 690.086181640625 29.5196075439453 76.5118179321289 31.5685997009277 609.589294433594 1183.53015136719 932.326232910156 443.798004150391 228.251998901367 1698.90942382812 1988.97497558594 1504.35876464844 1521.62731933594 1623.31274414062 2054.74951171875 1698.18176269531 2817.96044921875 501.834899902344 396.548797607422 1429.080078125 2233.52856445312 1827.70434570312 530.847961425781 2349.47314453125 1505.13989257812 2256.3876953125 3844.185546875 2492.28100585938 3226.2900390625 2314.748046875 569.572387695312 2674.61376953125 1915.96459960938 2074.08081054688 1001.27026367188 2534.24609375 823.593688964844 769.297180175781 1340.64379882812 947.247802734375 13.8383722305298 3.44492220878601 3.17740058898926 82.5885696411133 688.505554199219
64.3275146484375 247.840301513672 0.763493597507477 6.7298436164856 43.0179901123047 232.94905090332 720.279296875 817.166320800781 961.298217773438 662.432067871094 1160.08813476562 2307.86157226562 1092.48742675781 1585.46472167969 1959.40905761719 1622.69018554688 1416.4541015625 1285.17639160156 1047.60107421875 2222.7333984375 927.386413574219 975.611999511719 2044.55993652344 1997.37072753906 2742.5986328125 1248.03332519531 2826.94409179688 4140.20263671875 2617.54028320312 3791.75390625 1398.88854980469 500.087249755859 4275.349609375 3825.431640625 2614.76782226562 551.158813476562 2169.2783203125 343.885589599609 1013.25042724609 1438.82080078125 949.21630859375 282.644622802734 78.3144302368164 792.532592773438 496.384307861328 605.514404296875
205.746292114258 95.6289215087891 0.275310069322586 86.3215179443359 526.131652832031 167.407684326172 814.155212402344 711.625793457031 1092.35876464844 1526.01025390625 1848.91967773438 3216.13696289062 1432.15612792969 914.466613769531 1441.89526367188 947.604675292969 1411.85595703125 1800.34997558594 1917.57666015625 1259.43542480469 1972.41870117188 886.141784667969 479.697967529297 700.851745605469 1351.42822265625 1724.74401855469 3964.28344726562 4010.40991210938 3323.28930664062 3711.48559570312 1052.31298828125 356.013092041016 3427.35302734375 3890.03295898438 2003.19836425781 532.510070800781 1917.39880371094 634.481567382812 1837.677734375 1964.09619140625 2173.57055664062 1222.92980957031 1396.71337890625 1883.14538574219 1123.93432617188 239.445648193359
73.0519561767578 4.68928289413452 4.1833963394165 82.4267196655273 587.371276855469 913.858215332031 1278.38098144531 1082.18920898438 1243.46838378906 1581.93139648438 1515.134765625 497.635375976562 262.247894287109 953.387634277344 1259.11120605469 362.692901611328 1547.35119628906 299.654663085938 777.125793457031 525.816101074219 1814.07189941406 1194.35693359375 126.152893066406 164.743515014648 1598.07580566406 4033.96215820312 3843.07470703125 2337.34521484375 2335.05859375 3802.29443359375 2195.50170898438 173.568618774414 2149.138671875 3330.62060546875 3805.38696289062 2619.99682617188 540.6748046875 182.302688598633 1309.93493652344 1124.61022949219 2205.31372070312 2412.4365234375 2145.22192382812 1997.22302246094 1314.69201660156 530.677551269531
192.992279052734 5.68663167953491 205.012786865234 636.258728027344 761.979187011719 814.911743164062 1534.13793945312 1163.77014160156 1780.58947753906 1843.11279296875 1965.6865234375 604.753601074219 962.39013671875 1555.30798339844 1558.19470214844 1706.92932128906 1579.45837402344 1580.1875 1415.09411621094 1633.87475585938 2175.43139648438 834.383239746094 303.765197753906 36.2836494445801 1677.56262207031 3557.7236328125 4847.08984375 3947.04174804688 3301.86596679688 4428.4912109375 4644.2568359375 1976.81384277344 108.412544250488 1262.58288574219 3632.53100585938 3351.48999023438 304.225189208984 399.942840576172 315.231475830078 2911.955078125 2924.3759765625 1767.44299316406 1272.86938476562 2139.48974609375 2139.08666992188 1304.54846191406
55.4369812011719 99.1591949462891 297.987701416016 414.508087158203 376.081298828125 201.496719360352 1016.65667724609 811.754638671875 1357.9453125 1713.82080078125 1535.43530273438 1634.57568359375 2007.02209472656 2387.56591796875 2220.33813476562 896.781799316406 620.784545898438 1740.38488769531 1694.02697753906 3278.09106445312 2502.2255859375 3381.19067382812 3260.42626953125 3392.28881835938 2732.24975585938 4597.06689453125 4160.958984375 3822.6708984375 4922.54052734375 5322.74755859375 4375.955078125 4251.6181640625 1975.63122558594 52.9453086853027 2151.34619140625 3381.88842773438 3469.11108398438 2244.79858398438 3907.966796875 2941.19995117188 2508.361328125 1570.04541015625 1560.47314453125 1802.1494140625 1793.13659667969 1691.56384277344
85.50341796875 1066.06677246094 366.309631347656 804.473327636719 538.961364746094 6.26337432861328 105.343482971191 125.549682617188 1430.46850585938 1740.61987304688 1240.10070800781 637.269714355469 518.096740722656 1958.68408203125 1909.00817871094 1311.28112792969 1958.01977539062 2312.37744140625 3537.06469726562 2123.97290039062 3926.7568359375 4541.4013671875 4196.73583984375 4341.72314453125 4011.76025390625 3627.73413085938 2824.87231445312 4208.689453125 4221.7216796875 3955.40795898438 3807.56591796875 4584.3935546875 1572.62219238281 278.079071044922 859.986633300781 3652.55102539062 3477.38623046875 4446.361328125 3688.41015625 2172.06567382812 2618.462890625 1869.76440429688 1376.15893554688 1906.62817382812 1604.28857421875 2081.85595703125
369.380462646484 1399.05541992188 336.954711914062 1129.07409667969 686.074768066406 230.244171142578 156.231246948242 899.874206542969 1147.81103515625 961.630187988281 1172.93078613281 1005.55749511719 1109.47253417969 1334.30053710938 1752.93603515625 434.661529541016 679.535583496094 3978.2841796875 2168.17333984375 2623.66674804688 2996.62353515625 4875.47314453125 2880.07202148438 1327.89855957031 1619.29064941406 3308.83154296875 2443.48608398438 3835.21362304688 4575.5517578125 4416.552734375 4920.41552734375 2981.0126953125 3532.80834960938 2017.9482421875 1648.67272949219 3206.70068359375 4117.1513671875 3921.322265625 4149.1240234375 1445.45471191406 3238.62963867188 1649.75 1269.31884765625 684.897827148438 769.5244140625 1152.29516601562
70.4476776123047 716.249389648438 399.540954589844 1258.138671875 519.751403808594 1364.69799804688 1000.82708740234 2150.16235351562 2346.60009765625 1783.923828125 1502.02416992188 800.294738769531 666.454284667969 1021.84289550781 1224.44445800781 285.993072509766 412.7578125 456.196655273438 779.551940917969 2444.7978515625 5837.1943359375 6836.7236328125 4542.02099609375 2646.1630859375 1149.07690429688 2341.39208984375 3938.08862304688 4061.55151367188 4057.15161132812 3827.6904296875 3983.0576171875 4091.14306640625 2582.16381835938 3764.05200195312 370.454498291016 1770.82202148438 3410.31372070312 2636.33837890625 3078.97705078125 1126.20349121094 13.5222158432007 142.618377685547 687.356811523438 98.8305892944336 21.9065265655518 23.0499095916748
21.9935493469238 868.925109863281 1231.07397460938 937.31640625 1539.14477539062 1251.17419433594 1737.6337890625 1337.23327636719 1096.94604492188 2109.02514648438 830.216003417969 2291.86401367188 1552.95959472656 1851.14758300781 1390.93176269531 1018.49548339844 2005.310546875 1260.291015625 654.532470703125 2647.76123046875 5514.0390625 5933.1220703125 4433.68115234375 5346.74951171875 2879.01611328125 2834.55834960938 2251.6474609375 1201.67431640625 1119.45288085938 1994.46423339844 4615.61669921875 3992.17749023438 4145.59521484375 3948.1591796875 1764.85119628906 1384.84191894531 2982.32397460938 2174.43896484375 2181.19677734375 1041.01586914062 9.64182758331299 4.91186237335205 187.443145751953 1081.42846679688 63.3481864929199 1.33305418491364
