raw/raster/elevation_cost_surface.asc
NCOLS 58 
NROWS 45 
XLLCORNER 504000 
YLLCORNER 156000 
CELLSIZE 1000 
NODATA_value -3.4e+38 
[rows 20 to 39 of 45, columns 0 to 45 of 58]
16.8878707885742 624.841064453125 1301.71704101562 85.0043792724609 346.268798828125 1228.03002929688 1534.24194335938 777.067138671875 3178.16748046875 1465.21130371094 490.672241210938 2168.36010742188 3824.125 2351.13916015625 2047.12170410156 1690.12548828125 3152.9462890625 2198.1396484375 3999.56689453125 2580.40087890625 3092.44775390625 4461.13525390625 1586.36108398438 190.512405395508 1135.53942871094 1008.03967285156 486.520477294922 1060.30456542969 874.019836425781 867.274658203125 3839.91528320312 3189.91650390625 2933.41674804688 2135.84985351562 2471.65380859375 118.150177001953 2103.76098632812 330.635650634766 570.619506835938 920.871887207031 462.882141113281 972.577880859375 1754.26452636719 1543.26049804688 18.8176097869873 12.6496105194092
44.6802101135254 628.213439941406 1746.7890625 486.892517089844 956.338806152344 1305.97985839844 626.577331542969 1126.22705078125 2087.95922851562 732.757629394531 552.621643066406 1643.28820800781 2931.736328125 2391.31005859375 846.753967285156 1839.49816894531 3446.09912109375 3513.53100585938 4463.49658203125 5243.3251953125 2978.88012695312 3825.9892578125 1954.90307617188 2058.54125976562 1044.4755859375 1641.09375 552.908813476562 2701.3955078125 4431.07470703125 5642.32666015625 2865.51000976562 2339.98315429688 1807.34753417969 4253.65771484375 1753.3896484375 637.440307617188 139.425338745117 265.942443847656 931.012756347656 1516.9453125 2280.67993164062 811.249328613281 1422.3046875 2051.86499023438 869.211486816406 563.823425292969
5.28605365753174 271.139373779297 630.241455078125 152.447280883789 435.427886962891 1478.04113769531 426.156433105469 881.608825683594 1870.30871582031 457.665374755859 2.38347935676575 9.76632308959961 382.313140869141 2841.20166015625 893.867126464844 1215.04345703125 2809.2138671875 2733.25756835938 2373.02124023438 2316.1669921875 5245.47412109375 6282.095703125 3927.57470703125 3612.46826171875 3297.18017578125 6706.09228515625 1952.10534667969 4423.1669921875 4061.33984375 3798.67163085938 2992.29809570312 2199.79663085938 2568.50927734375 3400.50122070312 1357.92919921875 2071.6240234375 1416.50463867188 1336.64868164062 2124.11157226562 2810.56225585938 3358.0625 2803.80078125 1783.09484863281 763.666076660156 770.789794921875 1504.10290527344
11.4269790649414 137.34016418457 59.0966300964355 279.738922119141 1163.66052246094 224.298187255859 362.706848144531 952.84228515625 1428.83557128906 990.854125976562 268.947021484375 809.513610839844 811.557800292969 1842.08166503906 892.214233398438 1862.84924316406 1255.93103027344 793.0810546875 1107.96765136719 2586.80395507812 5477.4658203125 3943.13159179688 3812.91870117188 1596.04968261719 730.99267578125 1143.07275390625 3947.29541015625 3381.44311523438 3797.48168945312 3090.16015625 2724.13671875 2709.15380859375 2609.55078125 3163.89282226562 1469.64172363281 1417.17211914062 2415.7060546875 1947.28356933594 425.148162841797 2861.2275390625 1656.79028320312 1398.45544433594 533.684204101562 1082.79565429688 1066.71337890625 1049.794921875
21.5825653076172 23.1440124511719 19.1331520080566 95.1039505004883 75.9098587036133 94.8136291503906 1266.63732910156 1579.53479003906 1656.91589355469 1702.33056640625 2045.37963867188 2366.62963867188 1219.68103027344 35.3710021972656 451.138977050781 1427.22521972656 332.131958007812 1187.39282226562 641.806396484375 904.208435058594 4667.876953125 3576.3310546875 2908.21606445312 3735.9736328125 3503.37573242188 3153.6376953125 4677.5556640625 3483.30493164062 3576.63793945312 3697.3369140625 3521.51928710938 3136.56958007812 2694.43603515625 3614.39868164062 1924.36926269531 773.317138671875 1118.24682617188 1011.95825195312 1415.75378417969 611.313720703125 106.427467346191 853.933471679688 1146.92431640625 1530.97863769531 1198.7080078125 605.970153808594
33.0311241149902 2.33455324172974 21.4114093780518 83.160774230957 3.8620662689209 32.6123542785645 115.557861328125 1112.75659179688 2161.84057617188 3474.47534179688 1977.98449707031 1048.0244140625 1472.20129394531 242.751754760742 2462.13989257812 1797.31689453125 2938.326171875 2105.15209960938 1134.20922851562 3600.89819335938 1871.06005859375 1506.99230957031 3650.90576171875 5010.8154296875 3352.52221679688 3954.88696289062 4440.7021484375 3421.21997070312 2034.98474121094 3469.39794921875 3556.40405273438 2084.60180664062 3497.24584960938 2244.00561523438 2512.4599609375 2422.5302734375 590.944580078125 1218.83947753906 1512.03857421875 872.168762207031 283.644195556641 1266.12524414062 1106.45446777344 724.354858398438 1390.02404785156 841.123046875
182.157302856445 383.165832519531 463.580627441406 23.771032333374 466.390747070312 675.684326171875 848.205688476562 345.173187255859 1014.548828125 2071.01733398438 1365.89233398438 1292.59594726562 2144.74609375 1841.71203613281 2396.03369140625 146.499877929688 175.918121337891 625.636779785156 1335.6826171875 2494.66748046875 3213.32739257812 3365.47387695312 2946.64135742188 3209.6337890625 2237.86206054688 3443.10766601562 4625.673828125 3337.27807617188 1924.50708007812 2763.0419921875 2897.52807617188 1018.41973876953 2481.02001953125 1929.14697265625 3350.22631835938 2133.39306640625 1196.55358886719 667.409851074219 1120.16979980469 582.535583496094 312.982818603516 1278.80126953125 1134.55590820312 524.578186035156 740.37890625 468.515808105469
0.0563473552465439 514.864807128906 1044.88537597656 65.7579956054688 996.218872070312 1600.09704589844 1901.38500976562 829.642761230469 765.473266601562 1060.21081542969 1454.57458496094 2369.93920898438 1853.826171875 201.472290039062 126.962005615234 7.42949867248535 0.662177920341492 165.174331665039 1458.1728515625 1241.63024902344 2833.189453125 4258.1572265625 2898.60400390625 1396.96142578125 5094.3271484375 3219.95971679688 4318.43310546875 2825.11840820312 901.810363769531 201.552810668945 1744.61950683594 2725.00610351562 2531.75634765625 2214.79345703125 2447.95727539062 1837.61535644531 1595.30725097656 631.223083496094 531.963073730469 356.403747558594 872.730224609375 1270.16748046875 627.445556640625 955.846069335938 559.293823242188 638.227233886719
155.587905883789 352.164215087891 693.077514648438 116.099212646484 41.622013092041 1248.50524902344 2003.46618652344 545.492492675781 1364.00427246094 736.244201660156 1498.28356933594 1152.52758789062 313.079528808594 798.137390136719 51.9111976623535 1.44698166847229 2.62726402282715 263.86962890625 177.594375610352 855.486694335938 946.381225585938 2364.72314453125 3023.39233398438 2385.74438476562 3575.75439453125 1326.50354003906 3854.40771484375 2994.40893554688 2273.90454101562 356.089508056641 1320.85632324219 2978.86499023438 2030.0888671875 1541.37487792969 1148.37316894531 1475.8779296875 1546.37438964844 690.409973144531 1354.77185058594 999.040649414062 903.558776855469 1001.64910888672 984.162475585938 736.80712890625 254.393051147461 10.0047559738159
902.851135253906 630.877380371094 1227.0576171875 987.535888671875 689.771667480469 676.815856933594 280.703979492188 497.158752441406 1649.10339355469 549.832458496094 1130.24267578125 2214.5849609375 1050.76245117188 992.824584960938 717.350463867188 5.35456657409668 199.024642944336 238.657669067383 2.28168153762817 156.871719360352 751.176025390625 1890.42504882812 1495.685546875 4364.341796875 3032.88989257812 2960.29443359375 3147.4345703125 2458.98828125 2420.42797851562 1735.49621582031 1415.01525878906 2657.1533203125 1496.76232910156 1220.78735351562 1140.95129394531 1681.39184570312 1277.15600585938 619.279968261719 1206.79943847656 1295.51354980469 306.666015625 476.328796386719 901.436584472656 280.778472900391 234.718032836914 3.91722202301025
1202.86572265625 898.296936035156 66.7605514526367 297.698394775391 1169.82287597656 1492.38659667969 590.213012695312 41.6396408081055 1007.18133544922 895.7509765625 423.584136962891 469.923919677734 1099.45532226562 913.540710449219 2215.30688476562 1319.56079101562 119.898544311523 100.086479187012 191.675979614258 1105.90710449219 2850.81762695312 3662.30444335938 3468.23486328125 3543.1787109375 3288.4501953125 3284.88354492188 1741.306640625 801.569641113281 1333.27319335938 3296.18286132812 1744.26513671875 2556.15087890625 498.533721923828 1297.46630859375 271.491729736328 1125.97680664062 1174.38464355469 105.192596435547 360.101867675781 414.128936767578 252.029754638672 36.7161178588867 252.632736206055 450.089477539062 129.193923950195 12.7994270324707
198.280029296875 90.0839309692383 6.04075860977173 4.83955764770508 237.458023071289 606.90771484375 574.34814453125 413.484436035156 81.7585067749023 1085.07580566406 135.211196899414 5.8255820274353 9.08067989349365 1097.271484375 2526.55639648438 2071.84350585938 700.812622070312 349.900695800781 1272.75122070312 2599.71215820312 2056.43432617188 1186.88305664062 2073.94677734375 2544.07592773438 2156.44213867188 1780.56701660156 2224.04858398438 1053.22595214844 1833.63830566406 1307.39819335938 1855.96728515625 2432.19311523438 1595.70593261719 1631.42260742188 1238.32922363281 1342.58898925781 1918.13830566406 919.06787109375 349.317016601562 423.792053222656 104.02725982666 273.613525390625 1037.0888671875 156.567169189453 1.58009278774261 12.7793922424316
42.6130104064941 45.9257049560547 121.387771606445 224.205642700195 141.265426635742 186.810897827148 417.335723876953 78.7611083984375 389.615753173828 1396.39196777344 807.888122558594 283.372283935547 1.17874217033386 314.105072021484 2386.57177734375 938.797180175781 1711.42468261719 1839.38488769531 1184.70251464844 904.981994628906 1002.22222900391 1460.07177734375 1269.3935546875 1667.05908203125 585.389465332031 1170.3359375 1778.94189453125 2362.75512695312 2468.03564453125 2422.76879882812 2286.771484375 733.316528320312 1421.7412109375 321.428070068359 472.696899414062 1097.57263183594 1205.03125 1637.92260742188 761.359619140625 343.295471191406 100.923080444336 340.778930664062 1078.57165527344 1268.40612792969 16.9175491333008 3.4351372718811
143.843399047852 4.83466672897339 48.1887397766113 530.495361328125 764.742492675781 69.1726913452148 584.234008789062 159.121887207031 322.740631103516 654.022216796875 346.081024169922 797.063049316406 225.440414428711 2246.91674804688 2723.2998046875 814.064086914062 607.81787109375 1118.63696289062 904.809631347656 844.005126953125 579.018676757812 1415.34606933594 1586.29724121094 775.487182617188 33.245246887207 117.310050964355 1366.29797363281 2776.4072265625 2085.23413085938 1215.36987304688 2403.58178710938 1035.51708984375 1158.87329101562 333.418670654297 350.169555664062 648.24267578125 413.247741699219 523.228271484375 970.517272949219 646.785095214844 983.997314453125 621.665222167969 843.783020019531 748.780456542969 6.03841161727905 3.61468863487244
1097.69873046875 333.308288574219 25.807544708252 64.1348266601562 84.2069091796875 514.262084960938 1787.953125 828.482238769531 110.460510253906 96.8925170898438 473.091644287109 581.641174316406 1101.46411132812 1163.58520507812 1751.60888671875 1122.17944335938 954.512329101562 872.33251953125 1681.25048828125 1433.46032714844 1290.33154296875 1233.64611816406 1531.66430664062 2241.32690429688 868.503234863281 33.3357620239258 938.212829589844 3201.1650390625 2488.67700195312 2954.43505859375 1699.38403320312 624.193359375 353.029266357422 411.621490478516 513.077697753906 834.878601074219 535.611755371094 14.3850049972534 403.183929443359 172.293014526367 545.242431640625 725.825744628906 1056.83251953125 936.093322753906 13.6484785079956 2.63511872291565
467.531219482422 144.828048706055 45.9339561462402 807.438598632812 337.641937255859 429.354919433594 904.223754882812 1038.43237304688 204.331069946289 260.044464111328 200.921646118164 565.520812988281 288.943542480469 101.391571044922 1679.88098144531 820.592102050781 282.097076416016 624.680725097656 1466.51354980469 1228.93566894531 1208.45532226562 1308.74877929688 1350.22326660156 1616.91369628906 1131.74060058594 211.640213012695 595.466918945312 1577.19555664062 2102.23486328125 2455.60083007812 292.018707275391 363.903045654297 658.268188476562 1026.81945800781 483.637573242188 569.045654296875 159.974884033203 58.8040885925293 367.955902099609 289.656372070312 564.936157226562 821.271423339844 578.799987792969 305.504211425781 12.1455316543579 5.30751752853394
1108.36560058594 1266.53527832031 177.198455810547 1160.30053710938 1062.84423828125 303.184692382812 551.192138671875 1171.18310546875 254.382095336914 350.432800292969 368.279418945312 252.307312011719 62.4478378295898 823.482604980469 1425.40832519531 870.4375 939.474670410156 912.315734863281 891.934814453125 747.200256347656 1373.58447265625 2330.66870117188 2512.78686523438 1173.97375488281 1745.42224121094 1361.2099609375 1031.27734375 1399.01708984375 2362.15161132812 1071.60864257812 32.3579330444336 34.2977905273438 30.9268779754639 391.037780761719 66.4944381713867 384.361419677734 66.9756164550781 189.104507446289 107.123588562012 461.124633789062 484.137573242188 1055.52075195312 882.28369140625 128.677185058594 22.4033546447754 19.5415592193604
410.383422851562 199.021560668945 16.0479354858398 327.170166015625 364.205902099609 137.109558105469 111.145034790039 242.54313659668 62.9872589111328 32.9958267211914 104.893135070801 618.3642578125 283.457733154297 680.396545410156 868.846130371094 439.786834716797 696.684631347656 751.897521972656 480.383453369141 58.0333633422852 890.807434082031 2429.93969726562 1944.79138183594 863.008850097656 1243.638671875 1334.23718261719 1044.51391601562 355.048248291016 1747.63354492188 529.617980957031 224.765060424805 253.91178894043 215.942245483398 721.141906738281 1178.62231445312 0.66450959444046 2.39614939689636 35.3428611755371 10.4744358062744 3.33263540267944 8.01802349090576 382.785919189453 396.106262207031 30.3570938110352 14.1015405654907 22.6609878540039
623.828674316406 408.810607910156 73.9696502685547 164.43879699707 33.3378105163574 32.2639999389648 6.65556192398071 3.06365537643433 12.6301641464233 8.41506290435791 13.289776802063 142.999618530273 44.1391334533691 48.4879112243652 15.2445383071899 251.479202270508 735.512329101562 1035.58972167969 373.000762939453 266.081634521484 313.201293945312 1463.61254882812 301.777984619141 309.589538574219 239.94123840332 472.298187255859 329.342834472656 643.765686035156 1498.15637207031 356.757537841797 388.176239013672 1024.11401367188 1287.35754394531 219.139236450195 1225.052734375 124.042167663574 0 17.6849975585938 14.2869672775269 45.8491477966309 1.73060941696167 17.8331089019775 34.9921493530273 113.836471557617 19.2920322418213 83.0107498168945
797.834777832031 545.487487792969 863.2666015625 107.848480224609 26.1693153381348 6.88719129562378 20.3549022674561 43.5663986206055 154.403839111328 98.1634902954102 67.5769882202148 18.098949432373 13.8234357833862 40.9515838623047 36.8821830749512 706.710693359375 1205.15393066406 1112.27319335938 86.4031448364258 77.4222793579102 116.210754394531 227.69416809082 137.225433349609 4.45355224609375 13.276909828186 159.049331665039 378.407073974609 1298.61926269531 288.731231689453 448.539154052734 159.583465576172 163.719940185547 28.7703552246094 2.85491967201233 661.278015136719 302.170013427734 31.701831817627 136.378860473633 12.8725500106812 26.0525074005127 11.2980356216431 7.43570947647095 7.02423620223999 23.9429969787598 51.7920341491699 80.4430618286133
